0,-1,-6.93200115143833e-310
33.25,-1,-17.45
19.81,-1,-48.59
22.9,-1,-64.12
22.9,-1,-2.1
7.5,-1,-43.95
15.06,-1,-54.07
14.95,-1,-122.79
14.95,-1,-49.05
109.75,-1,54.17
24,-1,2.17
31.73,-1,2.83
14.54,-1,-46.38
40.4,-1,25.86
380.75,-1,316
15.06,-1,-31.94
49.6,-1,-331.15
0,-1,-40.6
0,-1,-75.84
14.75,-1,-52.5
15.87,-1,-28.98
21.04,-1,-11.86
81.8,-1,60.76
18,-1,-11.25
30,-1,-21.8
83.41,-1,5.11
97,-1,25.2
45.25,-1,1.5
45,-1,-33.91
21.5,-1,-1.05
131.75,-1,110.25
44.57,-1,-6.33
36.5,-1,-32.6
12.7,-1,-16.6
43.5,-1,30.8
46.1,-1,-20.4
105.56,-1,42.9
381,-1,371.61
49,-1,-9.93
67.98,-1,34.48
41.97,-1,8.87
42.36,-1,-25.62
42.36,-1,-7.55
42.36,-1,1.86
12.49,-1,-116.62
37.5,-1,-30.35
55.75,-1,-15.86
27.71,-1,-79.17
27.71,-1,-17.29
52.04,-1,6.54
24,-1,-14.23
20.5,-1,11.3
0,-1,-29.25
0,-1,-26.35
0,-1,-18.86
0,-1,-21.57
0,-1,-19.11
0,-1,-208.4
0,-1,0
0,-1,-14.9
0,-1,-35.89
0,-1,0
0,-1,-26.25
0,-1,-41.07
0,-1,-16.42
0,-1,-38.11
0,-1,-13.81
0,-1,-13.24
0,-1,-32.53
0,-1,0
0,-1,-7.72
0,-1,-25.56
0,-1,-46.8
0,-1,-24.21
0,-1,0
0,-1,-38.28
0,-1,-53.82
41.07,-1,27.36
0,-1,-41.07
0,-1,-21.22
0,-1,-21.45
0,-1,0
0,-1,-24.54
0,-1,0
0,-1,-32.06
0,-1,-7.06
0,-1,-2.15
0,-1,0
0,-1,-35.31
0,-1,-60.16
0,-1,-8.27
0,-1,-42.66
0,-1,-53.21
0,-1,-23.84
0,-1,-51.22
0,-1,0
0,-1,-27.6
0,-1,-8.25
0,-1,-52.23
0,-1,-22.14
0,-1,-53.21
0,-1,-16.95
0,-1,-9.2
0,-1,-14.82
0,-1,-19.5
0,-1,-9.6
0,-1,-17.32
0,-1,-35.06
0,-1,-17.71
0,-1,-13.71
0,-1,-27.56
0,-1,-69.71
0,-1,-2.92
0,-1,-38.28
0,-1,-33.18
0,-1,-109.76
0,-1,-43.71
0,-1,0
0,-1,-52.23
0,-1,-78.8
0,-1,-83.49
0,-1,-11.09
0,-1,-26.76
0,-1,-19.25
0,-1,-17.71
0,-1,-31.01
0,-1,-3.31
0,-1,-35.89
0,-1,-38.11
0,-1,-32.53
0,-1,0
0,-1,-25.59
0,-1,-36.68
0,-1,-26.1
0,-1,-31.7
0,-1,-25.95
0,-1,-27.58
0,-1,-31.33
0,-1,-52.23
0,-1,-5.68
13.67,-1,1.22
35.23,-1,12.33
0,-1,-20.11
0,-1,0
0,-1,-5.68
0,-1,0
0,-1,-23.68
0,-1,-33.46
0,-1,-60.16
0,-1,-38.11
0,-1,-34.58
0,-1,-68.31
0,-1,-13.05
0,-1,-11.81
0,-1,0
0,-1,-5.68
13.67,-1,7.19
0,-1,-13.67
0,-1,-23.84
0,-1,-38.24
0,-1,-43.6
0,-1,-3.35
0,-1,-33.33
0,-1,0
0,-1,-109.76
0,-1,-35.23
0,-1,-7.91
16.96,-1,-0.739999999999998
21.22,-1,-6.36
0,-1,-23.51
0,-1,-31.77
0,-1,-35.1
0,-1,0
0,-1,-31.99
0,-1,-38.09
0,-1,-33.46
0,-1,-6.48
0,-1,-43.98
0,-1,-44.51
0,-1,0
0,-1,-18.97
0,-1,-29.42
0,-1,-52.23
53.82,-1,50.24
0,-1,-33.5
0,-1,0
31.94,-1,-9.56
0,-1,-31.94
0,-1,0
0,-1,0
52.14,-1,41.04
0,-1,-1.39
0,-1,-12.69
0,-1,-38.09
0,-1,-109.8
0,-1,-37.12
0,-1,0
3.38,-1,-33.12
0,-1,-3.38
0,-1,0
0,-1,-9.13
0,-1,-19.05
0,-1,-13.58
0,-1,-13.58
53.82,-1,10.11
0,-1,-63.13
0,-1,0
0,-1,-24.52
0,-1,-23.84
0,-1,-21.28
11.1,-1,1.5
7.27,-1,-4.38
0,-1,-41.07
0,-1,0
0,-1,-31.01
0,-1,-6.49
0,-1,-91.11
0,-1,-11.66
0,-1,-55.7
0,-1,0
0,-1,0
0,-1,-25.6
0,-1,-3.65
0,-1,-75.85
0,-1,-33.11
0,-1,-2.99
0,-1,-49.42
0,-1,-136.94
0,-1,-43.71
0,-1,0
13.69,-1,5.94
0,-1,-13.69
0,-1,-64.61
0,-1,-10.1
0,-1,-33.11
0,-1,-7.27
0,-1,-30.51
0,-1,0
0,-1,-78.85
0,-1,-37.62
0,-1,-42.91
0,-1,-22.1
0,-1,0
46.6,-1,19.52
0,-1,-16.95
0,-1,-51.93
0,-1,-104.06
0,-1,-10.28
0,-1,-52.14
0,-1,0
0,-1,-109.79
0,-1,-97.22
0,-1,-12.34
0,-1,-29.35
0,-1,-6.48
0,-1,-83.45
0,-1,-34.58
0,-1,-11.04
0,-1,-38.45
0,-1,-49.7
0,-1,-31.35
0,-1,-86.26
0,-1,-42.91
0,-1,0
0,-1,-22.9
0,-1,-48.45
0,-1,-54.02
0,-1,-78.46
2.72,-1,-24.08
0,-1,0
0,-1,-24.62
0,-1,-7.94
0,-1,-35.5
0,-1,0
0,-1,-26.88
0,-1,-67.83
0,-1,-55.71
0,-1,-4.56
0,-1,-46.06
0,-1,-42.91
6,-1,-20.43
0,-1,-6
0,-1,-14.91
46.76,-1,37.62
0,-1,-30.51
0,-1,-45.95
0,-1,-52.41
0,-1,-7.32
0,-1,-32.51
0,-1,0
0,-1,0
0,-1,-23.83
0,-1,0
0,-1,-38.77
0,-1,-46.08
0,-1,-13.74
0,-1,-23.85
0,-1,-54.01
0,-1,-25.3
24.67,-1,1.78
0,-1,-24.2
0,-1,0
0,-1,-77.85
0,-1,-21.22
0,-1,-21.78
0,-1,-32.06
0,-1,0
0,-1,0
0,-1,-22.89
0,-1,0
0,-1,-9.14
0,-1,-19.07
0,-1,-56.88
0,-1,-38.77
0,-1,-46.03
0,-1,0
0,-1,-33.31
0,-1,-61.64
0,-1,-104.75
0,-1,0
0,-1,0
0,-1,-16.95
0,-1,-3.56
0,-1,-97.5
0,-1,-97.3
0,-1,-33.46
0,-1,-41.01
0,-1,-13.24
0,-1,-61.64
0,-1,-86.67
0,-1,0
0,-1,0
0,-1,-8.3
0,-1,-17.81
0,-1,-27.56
0,-1,0
0,-1,0
45.43,-1,15.64
0,-1,-30.51
0,-1,-43.7
17.74,-1,-19.47
0,-1,-25.13
0,-1,-31.67
0,-1,0
0,-1,-18.97
18.6,-1,-16.93
0,-1,-77.85
0,-1,-55.7
0,-1,-52.65
0,-1,0
0,-1,0
0,-1,-35.2
0,-1,-59.46
0,-1,-33.44
0,-1,-16.95
0,-1,-29.39
0,-1,-49.51
0,-1,-37.18
0,-1,-10.3
0,-1,-39.75
0,-1,-32.07
0,-1,-34.95
0,-1,-126.98
0,-1,-16.99
0,-1,-9.69
0,-1,-33.46
0,-1,-83.46
0,-1,-83.46
0,-1,-94.16
0,-1,-41.01
0,-1,-38.31
0,-1,-24.35
0,-1,0
0,-1,-38.28
0,-1,-52.14
0,-1,-30.85
0,-1,-44.91
0,-1,-97.22
0,-1,-97.22
24.67,-1,12.06
11.76,-1,-12.91
0,-1,-44.91
0,-1,-86.87
0,-1,-52.14
0,-1,-23.08
0,-1,-35.4
0,-1,0
0,-1,0
0,-1,-16.1
0,-1,-31.31
0,-1,-41.15
0,-1,-37.4
0,-1,-38.71
0,-1,-94.49
0,-1,-38.31
0,-1,-68.4
0,-1,-13.72
0,-1,-22.93
0,-1,-11.13
0,-1,-61.81
0,-1,-50.46
0,-1,-38.77
22.94,-1,-114.06
0,-1,-29.39
0,-1,-29.79
5.79,-1,2.46
0,-1,-36.48
0,-1,-44
0,-1,-52.13
0,-1,-37.29
0,-1,-49.5
0,-1,-18.88
0,-1,-28.89
0,-1,-21.3
0,-1,-5.8
3.29,-1,-20.19
0,-1,-67.59
0,-1,-64.61
0,-1,-23.84
0,-1,-44.9
0,-1,-23.84
0,-1,-26
33.44,-1,-28.56
0,-1,-14.9
0,-1,-19.13
0,-1,-52.64
0,-1,-43.67
0,-1,-68.5
0,-1,-35.25
0,-1,0
0,-1,0
0,-1,0
0,-1,-32.65
0,-1,0
12.69,-1,-84.61
0,-1,-4.61
22.81,-1,-2.76
38.92,-1,-47.33
0,-1,-38.92
0,-1,-59
0,-1,0
0,-1,-78.51
0,-1,-35.2
0,-1,-24.66
0,-1,-52.13
0,-1,-3.62
0,-1,-35.39
0,-1,-52.41
22.8,-1,-6.2
0,-1,0
0,-1,-22.8
0,-1,0
0,-1,0
0,-1,0
0,-1,0
0,-1,-31.66
0,-1,-33.44
0,-1,-41.7
0,-1,-18.85
0,-1,-54.69
0,-1,-17.73
0,-1,-126.94
0,-1,-31.5
0,-1,-10.1
0,-1,-12.42
0,-1,0
0,-1,0
0,-1,0
0,-1,-7.08
0,-1,-61.64
0,-1,-77.86
0,-1,-24.43
0,-1,-40.95
0,-1,0
0,-1,0
0,-1,-78.85
0,-1,-53.5
0,-1,-37.55
0,-1,-24.44
0,-1,-29.69
0,-1,0
18.97,-1,-10.8
61.7,-1,42.73
0,-1,-12.15
0,-1,0
0,-1,-86.25
0,-1,-19.12
0,-1,-35.18
0,-1,-82.42
44.54,-1,-20.07
0,-1,-48.44
0,-1,-37.5
0,-1,0
0,-1,-31.66
0,-1,-23
0,-1,-38.71
0,-1,-11.21
0,-1,-44.47
0,-1,-25.64
30.34,-1,5.59
0,-1,-30.34
29.4,-1,-8.84
0,-1,-46.76
35.18,-1,3.29
0,-1,-28.94
24.44,-1,-21.85
0,-1,-24.44
0,-1,-70.31
0,-1,-19.72
0,-1,-28.88
0,-1,-38.71
0,-1,-52.5
0,-1,-31.67
0,-1,-44.09
0,-1,-5.71
0,-1,-3.65
0,-1,-33.11
0,-1,-59.08
0,-1,-59.08
0,-1,-59
0,-1,0
0,-1,-25.65
0,-1,0
0,-1,-52.13
0,-1,-16.76
0,-1,-29.68
0,-1,-44.9
0,-1,-52.64
0,-1,-37.17
0,-1,-109.8
37.55,-1,8.15
0,-1,-31.27
0,-1,-41.7
0,-1,-28.89
0,-1,-31.66
0,-1,-14.93
0,-1,-40.44
0,-1,-40.44
0,-1,0
0,-1,0
0,-1,0
0,-1,-17.85
0,-1,-19.13
0,-1,-82.42
48.87,-1,-0.57
0,-1,0
0,-1,-56.5
0,-1,-126.94
0,-1,-29.35
0,-1,-43.88
0,-1,-19.1
0,-1,-15.36
0,-1,-21.28
0,-1,-37.34
0,-1,-38.31
0,-1,-20.19
0,-1,-33.43
0,-1,-68.59
0,-1,-109.8
0,-1,-78.51
0,-1,-7.5
0,-1,-40.81
0,-1,-26.25
0,-1,-19.2
0,-1,-52.61
0,-1,-126.61
0,-1,-40.61
0,-1,-13.01
0,-1,-44.95
0,-1,-126.95
44.09,-1,44.09
0,-1,-16.99
0,-1,-37.78
0,-1,-40.74
0,-1,-37.16
0,-1,-68.32
36.48,-1,-51.64
38.51,-1,-29.81
0,-1,-22.1
0,-1,-23.84
0,-1,-12.76
0,-1,0
0,-1,-33.12
0,-1,-33.12
0,-1,-61.21
0,-1,-54.05
0,-1,-27.91
0,-1,-23
0,-1,-14.93
0,-1,-34.33
0,-1,-77.55
0,-1,-32.07
0,-1,-29.47
0,-1,0
0,-1,0
0,-1,-28.06
0,-1,-30.34
48.87,-1,29.75
0,-1,-27.28
0,-1,-78.7
0,-1,-126.95
5.68,-1,-19.92
0,-1,-5.68
0,-1,0
0,-1,-12.34
0,-1,-12.34
0,-1,-35.17
0,-1,-15.31
0,-1,-18.4
0,-1,-37.78
0,-1,-41.5
0,-1,-24.44
0,-1,-19.37
0,-1,-68.45
0,-1,-39.84
0,-1,-37.27
0,-1,-28.89
0,-1,-10.14
0,-1,-21.55
0,-1,0
0,-1,-69.09
0,-1,-33.49
0,-1,0
0,-1,0
0,-1,0
0,-1,-69.05
0,-1,-60.16
0,-1,-20.84
0,-1,-15.17
0,-1,-16.76
0,-1,-19.37
0,-1,-32.5
0,-1,0
0,-1,0
29.47,-1,17.82
0,-1,-23.98
0,-1,-40.84
0,-1,0
0,-1,-20.85
0,-1,0
0,-1,-67.82
0,-1,0
0,-1,0
0,-1,-18.23
0,-1,-18.24
26.5,-1,-26.27
59.07,-1,28.81
0,-1,-59.07
0,-1,0
0,-1,-29.4
0,-1,-52.14
109.93,-1,97.6
0,-1,-10.8
23.98,-1,-17.95
0,-1,-77.55
0,-1,-25.09
0,-1,-31.91
0,-1,-49.4
0,-1,-14.77
5.49,-1,-9.51
0,-1,-52.43
0,-1,-29.39
0,-1,-109.92
0,-1,-30.43
0,-1,-32.07
0,-1,-33.85
0,-1,0
0,-1,-33.11
0,-1,-12.85
0,-1,-17.72
0,-1,-33.11
0,-1,-50.08
0,-1,-30.51
0,-1,-48.44
0,-1,-31.26
0,-1,-61.21
0,-1,-42.41
0,-1,-11.65
0,-1,0
0,-1,-20.85
0,-1,-59.07
30.43,-1,6.08
0,-1,-30.43
0,-1,-29.47
0,-1,-91.01
0,-1,-21.05
0,-1,-17.76
0,-1,-59.01
0,-1,-33.36
0,-1,-5.71
19.34,-1,-42.02
0,-1,-77.5
0,-1,-12.32
0,-1,0
0,-1,-48.44
0,-1,0
0,-1,-26.55
0,-1,0
0,-1,0
0,-1,-6.73
25.84,-1,-60.46
0,-1,-20.63
0,-1,-126.75
0,-1,-45.95
0,-1,-13.25
0,-1,-30.69
0,-1,-33.12
0,-1,-5.91
0,-1,-33.32
64.57,-1,-219.43
0,-1,-26.43
0,-1,-64.57
0,-1,-26.5
0,-1,-63.06
0,-1,-42.67
0,-1,-7.31
0,-1,0
0,-1,-68.96
0,-1,-44.95
0,-1,-5.71
0,-1,-18.23
0,-1,-22.9
0,-1,0
0,-1,-26.06
0,-1,0
0,-1,-30.99
0,-1,0
0,-1,0
0,-1,-7.92
0,-1,-66.36
0,-1,-34.58
0,-1,-70.66
0,-1,-35.54
0,-1,-18.92
0,-1,-40.98
0,-1,-18.92
0,-1,-46.03
0,-1,-7.92
30.69,-1,-18.75
0,-1,-24.66
0,-1,-64.58
0,-1,-6.48
0,-1,-28.06
0,-1,-10.14
0,-1,-24.35
37.3,-1,19.59
0,-1,-21.55
0,-1,-37.3
0,-1,-43.89
0,-1,-13.1
0,-1,-54.08
0,-1,-33.3
0,-1,-32.08
0,-1,-67.63
0,-1,-33.2
0,-1,-31.45
0,-1,-59.07
0,-1,0
0,-1,-18.67
0,-1,0
0,-1,-47.46
0,-1,-71.95
0,-1,-16.05
0,-1,-68.5
0,-1,-40.61
0,-1,-70.35
0,-1,-20.63
0,-1,-32.49
0,-1,-14.89
0,-1,-22.21
0,-1,-51.87
0,-1,-34.8
0,-1,-94.24
0,-1,-21.22
0,-1,-91
0,-1,0
0,-1,-29.44
0,-1,-58.4
0,-1,-15.42
0,-1,-28.33
0,-1,-28.36
0,-1,-61.35
19.55,-1,-3.78
0,-1,-20.15
0,-1,0
0,-1,-38.99
0,-1,-63.06
0,-1,-29
0,-1,0
0,-1,0
0,-1,-19.08
0,-1,-57.46
0,-1,0
0,-1,-12.97
0,-1,-33.31
0,-1,-44.55
0,-1,-41.71
0,-1,-18.81
0,-1,-43.9
0,-1,-66.36
0,-1,-20.2
0,-1,0
0,-1,-70.33
31.27,-1,7.42
0,-1,-52.13
0,-1,0
0,-1,-30.96
0,-1,-83.8
0,-1,-30.8
0,-1,-10.14
0,-1,0
10.79,-1,-11.55
0,-1,-10.79
0,-1,-18.92
0,-1,-16.75
0,-1,-12.9
0,-1,-5.78
0,-1,-65.07
0,-1,-14.98
0,-1,-2.55
0,-1,-94.25
0,-1,0
23.33,-1,10.24
0,-1,-23.33
0,-1,0
0,-1,-29
0,-1,-6
0,-1,-31.27
0,-1,-27.06
0,-1,-19.53
0,-1,0
0,-1,-8.88
0,-1,-8.99
0,-1,-17.72
0,-1,-5.72
20.21,-1,-35.89
21.5,-1,-2.85
0,-1,-21.5
0,-1,-18.93
0,-1,-25.62
0,-1,-27.6
0,-1,-11.38
0,-1,-29
0,-1,-38.99
0,-1,-2.8
0,-1,-46.78
0,-1,-14.83
0,-1,-44.92
0,-1,-26.5
0,-1,-6.49
0,-1,-51.96
0,-1,-24.35
0,-1,-22.15
0,-1,-10.68
0,-1,-16.75
22.9,-1,22.9
0,-1,-29.79
35.69,-1,7.81
20.83,-1,5.4
57.94,-1,37.11
0,-1,-57.94
0,-1,0
0,-1,-31.27
0,-1,-39.15
0,-1,-7.87
35.86,-1,34
28.3,-1,-7.56
0,-1,-28.3
0,-1,0
0,-1,-28.89
13.15,-1,3.4
30.96,-1,-24.7
0,-1,-30.96
0,-1,-126.96
0,-1,-38.99
0,-1,-27.6
0,-1,0
0,-1,-17.9
0,-1,-40.43
0,-1,-5.75
0,-1,-35.59
0,-1,-41.12
0,-1,-12.48
0,-1,-25.62
0,-1,-46.3
0,-1,-42.96
0,-1,-18.68
0,-1,-14.83
0,-1,-2.97
0,-1,-64.58
0,-1,0
0,-1,0
0,-1,-74.99
0,-1,-27.88
46.03,-1,-1.02
0,-1,-27.91
0,-1,-32.68
0,-1,-122.06
0,-1,0
0,-1,-47.46
0,-1,-35.18
0,-1,-29.39
0,-1,-29.38
0,-1,-54.85
0,-1,-29.38
0,-1,-32.48
32.5,-1,6.53
0,-1,0
0,-1,-87.96
8.46,-1,-4.15
0,-1,-27.68
0,-1,-24.98
0,-1,-43.94
31,-1,-30.98
0,-1,-65.03
0,-1,-127.01
0,-1,-11.1
0,-1,-25.54
0,-1,-13.09
0,-1,0
0,-1,-22.66
0,-1,-17.9
0,-1,-9.9
0,-1,-55.66
0,-1,-16.5
0,-1,-14.98
0,-1,-35.18
0,-1,-13
0,-1,-12.95
0,-1,-23.84
0,-1,-61.21
0,-1,-56.76
0,-1,-23.75
0,-1,0
0,-1,-23.9
0,-1,-74.99
0,-1,0
0,-1,0
49,-1,-42
0,-1,-61.7
58.03,-1,36.55
0,-1,-20.83
23.97,-1,-31.5
0,-1,-23.97
47.46,-1,34.7
0,-1,-22.88
0,-1,-98.34
0,-1,-13.83
0,-1,-27.13
0,-1,-27.59
0,-1,-29.37
0,-1,-68.44
0,-1,-58.21
0,-1,-41.91
0,-1,-58.22
0,-1,0
0,-1,-21.14
0,-1,-27.5
0,-1,0
0,-1,-15.63
0,-1,0
0,-1,-24.51
0,-1,-2.73
0,-1,-23.75
0,-1,-44.89
0,-1,-42.96
0,-1,-23.73
0,-1,0
0,-1,0
0,-1,0
0,-1,0
0,-1,-126.96
0,-1,-25.1
0,-1,-32.08
0,-1,-48.5
0,-1,-35.86
0,-1,-22.63
0,-1,-31.27
0,-1,-17.68
0,-1,-67.51
0,-1,-14.92
0,-1,-13.15
0,-1,-47.73
0,-1,-23.72
0,-1,-12.97
0,-1,-52.14
0,-1,-21.14
0,-1,-86.68
0,-1,0
0,-1,0
0,-1,-34.58
0,-1,-27.49
0,-1,-7.75
0,-1,-55.47
0,-1,-64.8
0,-1,-61.2
39.14,-1,-82.86
0,-1,-86.35
0,-1,-18.21
0,-1,-117.23
0,-1,-44.92
0,-1,-39.83
0,-1,-54.86
0,-1,0
0,-1,0
0,-1,-13.88
0,-1,-24.39
0,-1,-49.73
23.75,-1,0.0300000000000011
34.58,-1,-9.96
0,-1,-48.99
0,-1,0
0,-1,-31.3
0,-1,0
0,-1,0
0,-1,-10.16
0,-1,-22.36
0,-1,-7.25
0,-1,-13.88
0,-1,-41.03
0,-1,0
31.67,-1,-0.949999999999996
0,-1,-18.65
0,-1,-18.95
0,-1,-46.03
0,-1,-27.91
0,-1,-2.58
0,-1,-31.27
0,-1,-11.1
0,-1,-44.55
0,-1,-18.97
0,-1,-20.05
0,-1,-43.99
0,-1,0
0,-1,-37.46
0,-1,0
0,-1,0
0,-1,-33.28
0,-1,-47.46
0,-1,-30.34
36.47,-1,7.47
0,-1,-12.86
0,-1,-23.08
0,-1,-58.22
0,-1,-19.46
0,-1,-39.14
0,-1,-18.95
0,-1,-37.66
0,-1,-10.65
0,-1,-78.79
0,-1,-11.55
0,-1,-17.68
0,-1,-43.99
0,-1,-19.1
0,-1,-31.01
17.7,-1,-1.24
28.29,-1,-25.79
63.5,-1,37
0,-1,-63.5
0,-1,-31.27
0,-1,-51.66
0,-1,-86.37
0,-1,-82.17
0,-1,-27.18
0,-1,-23.08
0,-1,-23.75
0,-1,0
0,-1,0
0,-1,-23.84
61.36,-1,39.16
0,-1,-55.47
0,-1,0
0,-1,-64.74
0,-1,-36.41
0,-1,-36.54
0,-1,0
0,-1,-3.64
0,-1,-21.3
0,-1,-24.58
0,-1,-33.13
0,-1,-26.55
0,-1,-54.4
0,-1,-61.77
0,-1,-14.23
0,-1,-6.49
0,-1,0
0,-1,-39.14
0,-1,-27.58
0,-1,-18.31
0,-1,-14.95
0,-1,-96.5
0,-1,-7.93
0,-1,0
0,-1,-58.21
0,-1,-61.98
0,-1,-91.34
0,-1,0
0,-1,-18.81
0,-1,-31.58
0,-1,-23.56
0,-1,-122
34.58,-1,-11.45
0,-1,-39.14
0,-1,-34.46
0,-1,-13.84
0,-1,-73.3
0,-1,-31.56
0,-1,0
0,-1,0
0,-1,-65.83
0,-1,-47.14
0,-1,0
0,-1,0
0,-1,0
17.72,-1,-8.78
0,-1,-86.39
0,-1,-14.77
0,-1,0
0,-1,-26.55
0,-1,-51.95
0,-1,-26.54
0,-1,0
0,-1,-1.85
0,-1,-59.98
0,-1,-23.85
0,-1,-33.14
0,-1,-29.77
0,-1,-23.85
47.14,-1,-7.53
0,-1,-27.43
0,-1,-36.55
0,-1,0
13.48,-1,13.48
0,-1,-13.48
0,-1,-27.9
0,-1,-23.34
0,-1,-47.45
0,-1,-20.83
26.73,-1,9.29
0,-1,-63.05
0,-1,-52.57
0,-1,0
0,-1,0
0,-1,0
33.14,-1,5.08
0,-1,-26.94
0,-1,-94.25
0,-1,-50.6
0,-1,-18.28
0,-1,-77.5
0,-1,-39.14
0,-1,-26.21
0,-1,-47.45
0,-1,0
0,-1,-29.39
0,-1,-27.88
0,-1,-67.83
0,-1,-18.98
0,-1,-43.19
0,-1,-44.57
0,-1,-29.39
19,-1,-64.68
3.29,-1,0
0,-1,-20.43
0,-1,-65.13
0,-1,-33.38
0,-1,-46.8
0,-1,-126.69
0,-1,-65.83
0,-1,-28.88
0,-1,-7.8
0,-1,-54.4
0,-1,-52.76
0,-1,-34.46
0,-1,0
27.43,-1,0.539999999999999
0,-1,-3.52
0,-1,-126.96
0,-1,-126.95
0,-1,-7.8
0,-1,-16.55
0,-1,-27.85
0,-1,-77.86
0,-1,0
61,-1,31.6
0,-1,-61
0,-1,-29.4
0,-1,-17.93
0,-1,-21.29
0,-1,-23.75
0,-1,0
0,-1,-25.98
0,-1,-26.55
0,-1,0
0,-1,-31.55
0,-1,-31.01
0,-1,-19.67
0,-1,-56.77
0,-1,-19.75
10.59,-1,-8.07
0,-1,-68.38
0,-1,-126.95
0,-1,-27.6
0,-1,-59
0,-1,-18.1
0,-1,-31.9
0,-1,-42.91
0,-1,-34.49
0,-1,0
0,-1,-13.44
0,-1,-54.4
0,-1,-29.95
0,-1,-39
0,-1,-78.69
0,-1,-3.52
0,-1,-24.37
0,-1,-28.22
0,-1,-34.49
0,-1,-14.23
0,-1,-17.55
39.84,-1,-21.16
49.42,-1,49.42
20.34,-1,-6.39
0,-1,-57.17
0,-1,0
0,-1,-41.12
0,-1,-29.45
0,-1,-52.11
0,-1,-68.9
10.8,-1,-18.6
60.97,-1,35.77
59,-1,46.34
13.44,-1,-104.01
0,-1,-17.6
0,-1,-13.84
51.1,-1,-75.85
34.4,-1,-33.81
0,-1,-56.87
0,-1,-16.95
0,-1,-94.25
0,-1,0
0,-1,-60.97
0,-1,-42.81
0,-1,-58.2
0,-1,-28.5
0,-1,0
0,-1,-126.95
0,-1,-41.72
0,-1,-61.03
0,-1,-30.73
0,-1,-10.89
0,-1,-26.04
0,-1,0
0,-1,-63.68
0,-1,-24.75
0,-1,-33.41
0,-1,-126.95
0,-1,-17.93
0,-1,-10.59
0,-1,0
0,-1,-57.57
0,-1,0
0,-1,-17.53
0,-1,-26.5
0,-1,0
0,-1,-41.14
0,-1,0
0,-1,-47.73
0,-1,-47.73
54.15,-1,46.18
0,-1,-64.84
0,-1,-60.97
0,-1,-27.11
0,-1,-26.49
0,-1,-18.1
16.06,-1,-21.12
0,-1,-4.06
0,-1,-83.68
0,-1,0
0,-1,-23.91
0,-1,-38.01
0,-1,0
0,-1,0
0,-1,-63.05
0,-1,-24.92
0,-1,-128.94
0,-1,-12.34
0,-1,-83.64
52.11,-1,29.55
0,-1,-52.11
0,-1,-25.2
0,-1,-17.44
0,-1,-20.7
0,-1,-6.49
0,-1,-47.45
0,-1,-24.92
0,-1,0
0,-1,0
0,-1,-9.72
0,-1,-22.44
0,-1,-18.81
0,-1,-19.44
0,-1,0
0,-1,-12.69
24.52,-1,-0.280000000000001
8.05,-1,-16.47
0,-1,-69.1
0,-1,0
0,-1,-75.8
0,-1,-4.8
0,-1,-11.57
0,-1,-27.3
0,-1,-42.9
0,-1,-96.6
0,-1,0
64.78,-1,40.87
0,-1,-35.62
0,-1,-17.51
0,-1,-37.18
0,-1,-58.19
0,-1,-19.86
10.48,-1,-12.08
0,-1,-43.95
0,-1,-68.31
0,-1,0
0,-1,-54.66
0,-1,-51.1
0,-1,0
12.32,-1,-8.09
37.39,-1,26.51
0,-1,-36.26
0,-1,-33.13
0,-1,0
0,-1,-78.79
0,-1,0
0,-1,-54.14
0,-1,-68.38
0,-1,-68.38
0,-1,-39.83
0,-1,-126.95
0,-1,-25.72
0,-1,-17.45
0,-1,-92.59
14.97,-1,-32.49
19,-1,-28.55
0,-1,-68.38
19,-1,-16.66
0,-1,-54.66
0,-1,0
0,-1,-39.15
0,-1,0
0,-1,-3.65
0,-1,-9.65
0,-1,-21.25
0,-1,-8.41
0,-1,-23.9
0,-1,-46.5
0,-1,0
0,-1,0
0,-1,-68.38
0,-1,-7.6
0,-1,-63.68
0,-1,-77.5
0,-1,-18.31
23.49,-1,-16.65
0,-1,-16.23
0,-1,-28.32
0,-1,0
0,-1,-26.6
0,-1,-5.9
0,-1,0
0,-1,-17.31
0,-1,-47.02
0,-1,-92.59
0,-1,-57.5
0,-1,-33.67
0,-1,-69.07
0,-1,0
0,-1,0
0,-1,-64.56
0,-1,-46.4
0,-1,-24.09
0,-1,-48.4
0,-1,0
0,-1,0
0,-1,-33.41
0,-1,-54.14
0,-1,-26.6
0,-1,-60.91
0,-1,-16.15
0,-1,-44.94
0,-1,-33.24
0,-1,-20.61
0,-1,-46.79
0,-1,-67.51
0,-1,-16.14
0,-1,-34.59
0,-1,0
0,-1,-51.82
0,-1,-8.56
0,-1,-34.59
0,-1,-77.5
0,-1,-32.4
0,-1,0
0,-1,-25.81
47.89,-1,14.55
0,-1,-17.73
0,-1,-26.3
0,-1,-78.34
0,-1,-63.05
0,-1,-44.94
0,-1,0
0,-1,-38.54
0,-1,-40.83
0,-1,-21.05
0,-1,-49.39
0,-1,-18.41
0,-1,-67.72
0,-1,-51.82
0,-1,-46.86
25.13,-1,-21.27
15.42,-1,-29.18
29.45,-1,2.25
0,-1,-7.59
0,-1,-18.16
0,-1,0
0,-1,-78.34
0,-1,-38
0,-1,-39.14
0,-1,-39.14
0,-1,-20.7
0,-1,-29.4
0,-1,-68.37
83.63,-1,65.24
0,-1,-9.24
0,-1,-21.05
0,-1,-13.56
0,-1,-37.04
0,-1,-79.92
0,-1,-68.37
0,-1,-56.5
0,-1,-5.9
0,-1,-17.98
0,-1,-18.93
0,-1,-27.19
0,-1,-33.91
0,-1,-20.61
0,-1,-127.24
0,-1,-3.59
0,-1,-31.55
0,-1,-11.14
0,-1,-36.38
0,-1,-78.6
0,-1,-28.7
9.71,-1,-52.13
7.9,-1,-32.81
0,-1,-26.86
0,-1,-23.9
0,-1,0
0,-1,-9.96
0,-1,-22.2
0,-1,-21.41
32.4,-1,-14.6
9.19,-1,-47.11
0,-1,-17.59
0,-1,-23.97
0,-1,-63.51
0,-1,-27.18
0,-1,-46.02
0,-1,-20.42
0,-1,-51.87
0,-1,-61.86
0,-1,-63.67
73.51,-1,5.15000000000001
41.74,-1,21.88
0,-1,-47
9.24,-1,0.0500000000000007
0,-1,-69.18
0,-1,0
0,-1,-128.93
0,-1,-29.4
0,-1,-19.11
0,-1,-27.18
0,-1,-70.34
9.19,-1,-8.81
0,-1,-9.19
0,-1,0
0,-1,0
0,-1,-67.72
0,-1,-27.18
0,-1,-16.22
0,-1,0
0,-1,-61.86
0,-1,-60.9
0,-1,-25.2
0,-1,-65.85
0,-1,-10
0,-1,-91.34
95.76,-1,95.76
0,-1,-30.5
0,-1,0
0,-1,-10.1
0,-1,-23.97
0,-1,-10.04
0,-1,-61.86
0,-1,-27.18
0,-1,-44.94
0,-1,-37.01
0,-1,-56.69
0,-1,-14.3
0,-1,-64.78
0,-1,-34.6
0,-1,0
0,-1,0
0,-1,-24.08
0,-1,0
0,-1,-128.94
0,-1,-56.68
0,-1,-19.85
0,-1,-73.43
0,-1,-56.8
0,-1,-68.17
0,-1,-126.95
0,-1,0
0,-1,-17.72
0,-1,-50.95
24.94,-1,-36.92
0,-1,-27.18
0,-1,-70.34
0,-1,-3.65
0,-1,-18.31
0,-1,-36.55
0,-1,0
0,-1,-30.86
0,-1,-47.07
0,-1,-33.84
0,-1,-21.56
0,-1,-14.56
0,-1,-15.25
17.6,-1,-120.4
0,-1,-18.73
0,-1,-55.65
0,-1,-17.6
0,-1,0
0,-1,0
0,-1,-128.86
0,-1,-23.56
0,-1,-12.74
0,-1,-47.13
0,-1,-16.13
0,-1,-17.98
0,-1,-33.62
0,-1,-20.85
0,-1,-59
0,-1,-27.18
0,-1,0
0,-1,-126.94
50.41,-1,-14.14
72.04,-1,61.63
0,-1,-44.94
0,-1,-23.35
21.24,-1,-47.13
0,-1,-21.24
0,-1,-23.89
0,-1,0
0,-1,-26.45
0,-1,-24.19
0,-1,-61.92
18.88,-1,-8.29
0,-1,-19.1
0,-1,-13.27
0,-1,-27.88
0,-1,-52.64
0,-1,-104.9
0,-1,-52.74
0,-1,-33.3
0,-1,-13.22
0,-1,-18.05
0,-1,-64.55
0,-1,-51.86
0,-1,-41.21
0,-1,-23.63
0,-1,-21.1
0,-1,-23.57
36.51,-1,28.71
0,-1,-36.51
0,-1,-14.42
0,-1,-14.42
0,-1,-36.56
0,-1,-2.57
0,-1,-104.96
0,-1,-1.78
0,-1,-39.41
0,-1,-41.2
0,-1,0
0,-1,-63.67
0,-1,-63.51
0,-1,-61.86
30.25,-1,-88.95
0,-1,-32.55
0,-1,-22.83
0,-1,-17.72
0,-1,-20.65
0,-1,-37.49
0,-1,-41.45
0,-1,-37.94
0,-1,-33.32
0,-1,-24.34
0,-1,-18.74
0,-1,0
0,-1,-64.56
0,-1,-18.71
0,-1,-40.69
0,-1,0
9.56,-1,-30.27
32.61,-1,-17.8
0,-1,-58.53
0,-1,-33
0,-1,-91.11
0,-1,-40.69
0,-1,-18.55
0,-1,-15.39
0,-1,-13.84
0,-1,0
0,-1,-10.8
23.1,-1,23.1
0,-1,-20.48
0,-1,-23.1
0,-1,-13.21
0,-1,-29.39
0,-1,0
0,-1,-18.69
0,-1,0
0,-1,-4.4
0,-1,-63.36
0,-1,-128.86
0,-1,-13.69
0,-1,0
0,-1,-45.5
0,-1,-59.06
0,-1,0
0,-1,-68.38
0,-1,-68.15
0,-1,-36.2
0,-1,-35.57
0,-1,-13.27
0,-1,-15.48
0,-1,-77.4
0,-1,0
0,-1,-67.72
0,-1,-22.83
0,-1,-43.47
0,-1,0
0,-1,0
0,-1,-56.26
0,-1,-20.69
0,-1,-86.34
0,-1,-112.91
0,-1,-32.81
0,-1,-20.83
0,-1,-31.6
0,-1,-68.37
0,-1,-47.13
0,-1,-54.15
0,-1,-57.72
0,-1,-70.53
0,-1,-13.77
0,-1,-41.2
0,-1,-37.21
0,-1,-67.84
0,-1,-20.21
44.54,-1,-19.46
28.87,-1,-6.7
0,-1,-68.38
0,-1,-68.37
0,-1,-38.96
9.55,-1,-43.19
0,-1,-32.43
0,-1,-20.69
0,-1,-11.36
0,-1,-20.41
0,-1,-66.31
0,-1,-75.94
0,-1,-64.55
7.94,-1,-12.9
0,-1,-70.31
0,-1,-22.66
0,-1,-13.41
0,-1,-28.06
0,-1,-22.67
0,-1,-38.27
0,-1,-17.6
20.72,-1,-20.28
0,-1,-18.04
0,-1,-95.75
0,-1,-22.94
14.59,-1,-14.8
28.7,-1,13.81
0,-1,-33.46
10.11,-1,-12.72
0,-1,-25.62
0,-1,0
11.64,-1,4.06
24.07,-1,12.43
0,-1,-45.6
0,-1,-31.81
0,-1,0
19,-1,-18.18
0,-1,-55.35
23.89,-1,-40.11
12.15,-1,-4.14
14.78,-1,-13.54
0,-1,-3.16
0,-1,-14.78
0,-1,-28.7
0,-1,-38.96
0,-1,-29.39
0,-1,-60.54
0,-1,-40.69
0,-1,-39.05
0,-1,-28.15
0,-1,-32.51
0,-1,-58.54
0,-1,-68.38
0,-1,-22.83
0,-1,-20.84
0,-1,-59.97
21.1,-1,-1.84
0,-1,-56.19
45.5,-1,29.44
0,-1,-33.16
0,-1,-7.8
0,-1,-46.79
0,-1,-16.89
0,-1,-35.72
0,-1,-61.98
0,-1,-12.99
0,-1,-52.44
0,-1,-49.5
0,-1,-30.38
0,-1,-24.69
0,-1,-28.5
22.5,-1,11.8
0,-1,-7.5
0,-1,0
0,-1,-46.99
0,-1,-33.33
0,-1,-45.45
48.61,-1,27.5
36.14,-1,-3.62
26.04,-1,12.82
0,-1,-94.24
0,-1,0
0,-1,-23.66
0,-1,-31.6
0,-1,-23.25
46.4,-1,14.73
0,-1,-83.81
35.72,-1,6.33
31.95,-1,-21.07
34.56,-1,14.22
104.96,-1,66.75
41,-1,20.79
0,-1,-44.54
0,-1,0
0,-1,-22.34
0,-1,-19
0,-1,-27.3
0,-1,-36.54
0,-1,-55.34
0,-1,-29.45
0,-1,0
0,-1,-10.65
0,-1,-33.45
0,-1,-78.85
0,-1,0
0,-1,-7.5
0,-1,-15.6
0,-1,-15.6
18.31,-1,-4.79
2.55,-1,-29.45
0,-1,-38.21
0,-1,0
20.85,-1,20.85
0,-1,-18.31
0,-1,-45.77
0,-1,-70.32
0,-1,-33.14
0,-1,-11.85
0,-1,-77.46
0,-1,-51.86
0,-1,-7.1
0,-1,-26.59
0,-1,-19
0,-1,-9.02
0,-1,-44.94
0,-1,-29.21
0,-1,-3.6
0,-1,-24.68
0,-1,-43.65
0,-1,-66.35
0,-1,-44.87
0,-1,0
0,-1,-70.33
0,-1,-59.3
0,-1,-27.49
0,-1,-47.31
0,-1,-7.79
0,-1,-24.35
0,-1,0
0,-1,0
0,-1,-34.58
0,-1,-13.69
0,-1,-59.6
33.65,-1,4.94
0,-1,-40.26
0,-1,-16.65
0,-1,-39.79
70.52,-1,31.52
0,-1,-29.39
70.52,-1,9.62
0,-1,-49.5
0,-1,-44.94
0,-1,-14.95
0,-1,-52.64
0,-1,-36.51
0,-1,-38.11
0,-1,-51
0,-1,0
0,-1,0
0,-1,-64.55
34.58,-1,12.37
0,-1,-34.58
0,-1,0
0,-1,0
0,-1,-60.81
18.31,-1,-0.690000000000001
28.5,-1,-14.58
0,-1,-47.44
0,-1,-60.35
0,-1,-36.51
0,-1,0
0,-1,-27.4
54.83,-1,30.48
43.72,-1,16.55
0,-1,-43.72
0,-1,0
0,-1,0
0,-1,0
0,-1,-31.45
0,-1,-64.04
17.34,-1,17.34
0,-1,-56.71
0,-1,-24.36
0,-1,-38.8
0,-1,-78.7
0,-1,-7.8
0,-1,-28.42
0,-1,-7.1
0,-1,0
0,-1,-28.71
0,-1,-68.79
0,-1,-52.18
0,-1,-41.16
0,-1,-16.88
0,-1,-68.4
0,-1,-32.55
0,-1,-39.85
0,-1,-44.94
0,-1,-49.5
0,-1,-58.53
0,-1,-32.85
0,-1,-36.5
0,-1,-27.26
0,-1,0
0,-1,0
0,-1,-21.1
0,-1,-22.21
0,-1,0
0,-1,-38.77
0,-1,-68.79
0,-1,-19.49
60.92,-1,45.49
12.49,-1,12.49
0,-1,-29.39
0,-1,-12.49
24.52,-1,-29.56
19.11,-1,1.71
0,-1,-34.54
0,-1,0
0,-1,-67.72
0,-1,-32.07
0,-1,0
0,-1,0
9,-1,-14.89
30.5,-1,8.82
0,-1,-23.73
0,-1,-36.55
67.56,-1,31.92
0,-1,-34.24
36.5,-1,-20.9
0,-1,-36.5
0,-1,0
0,-1,-52.74
0,-1,-44.54
0,-1,-68.05
68.79,-1,54
0,-1,-48.26
0,-1,-68.79
0,-1,-23.49
0,-1,-7.1
0,-1,0
0,-1,0
27.26,-1,-51.42
20.82,-1,-6.06
0,-1,-41.03
0,-1,-10.68
0,-1,-70.32
0,-1,0
0,-1,-12.29
0,-1,-16.3
0,-1,-7.79
69.07,-1,30.83
21.55,-1,3.75
0,-1,-48.67
0,-1,-23.49
0,-1,0
0,-1,-28.73
0,-1,-38.9
17.4,-1,-4.78
0,-1,-17.4
0,-1,-78.67
0,-1,-18.8
0,-1,0
0,-1,-49.7
0,-1,-33.16
0,-1,-27.3
0,-1,-40.14
0,-1,-90.99
0,-1,0
0,-1,-45.43
0,-1,-26.22
0,-1,-30.24
0,-1,-46.79
0,-1,-16.3
0,-1,-23.65
0,-1,-23.49
0,-1,-28.32
0,-1,-74.45
17.4,-1,-41.9
0,-1,-17.72
0,-1,-28.06
0,-1,-43.72
0,-1,-31.5
0,-1,-63
0,-1,-14.41
0,-1,-28.33
0,-1,-18.43
0,-1,-41.96
0,-1,-25.75
0,-1,-44.8
0,-1,-25.5
0,-1,-12.01
0,-1,-94.2
0,-1,-7.95
0,-1,-35.3
0,-1,-29.12
0,-1,-28.76
0,-1,-76.66
0,-1,-44.94
0,-1,-43.49
0,-1,-96.72
0,-1,-15.43
0,-1,-54.06
0,-1,-31.95
0,-1,0
0,-1,0
0,-1,-43.47
0,-1,-21.37
0,-1,-5.45
0,-1,0
0,-1,-12.3
0,-1,-27
0,-1,-30.62
0,-1,-31.01
0,-1,-29.18
0,-1,-41.13
0,-1,-29.39
0,-1,-40.8
0,-1,-3.56
0,-1,-15.45
0,-1,-92.59
0,-1,-23.56
0,-1,0
0,-1,-14.85
0,-1,-21.79
0,-1,-40.14
0,-1,-59.03
0,-1,-51.88
0,-1,-4.72
0,-1,-7.13
0,-1,-33.3
0,-1,-54.08
0,-1,-8.29
0,-1,-17.09
40.99,-1,-13.08
0,-1,-34.49
0,-1,-70.31
0,-1,-59.5
0,-1,-7.8
0,-1,-63.45
0,-1,-49.5
0,-1,-79.92
0,-1,-60.79
0,-1,-24.25
0,-1,-97.09
0,-1,-86.26
0,-1,-31.5
0,-1,-18.44
0,-1,-33.7
0,-1,-24.36
0,-1,0
0,-1,0
0,-1,-56.68
0,-1,-44.87
0,-1,-47.51
0,-1,-37.93
0,-1,-17.4
0,-1,-64.55
0,-1,-27.4
0,-1,-46.38
0,-1,-37.26
0,-1,-7.95
0,-1,-25.19
0,-1,-44.94
0,-1,-47.03
0,-1,-21.56
0,-1,-17.06
0,-1,-32.85
0,-1,-5.92
0,-1,-23.49
44.87,-1,38.96
15.6,-1,-29.27
43.48,-1,27.88
7.33,-1,-36.15
38.88,-1,20.01
0,-1,-68.85
0,-1,-41
0,-1,-47.39
0,-1,-25.49
0,-1,0
8.3,-1,-21.1
18.42,-1,-1.64
0,-1,-39.4
0,-1,-38.78
0,-1,-7.5
0,-1,-28.67
0,-1,-54.14
0,-1,-52.18
0,-1,-40.26
0,-1,0
0,-1,-43.02
24.66,-1,24.66
21.68,-1,-7.79
0,-1,-21.68
0,-1,-34.49
0,-1,-48.75
0,-1,-9.89
0,-1,-13.29
0,-1,-54.83
58.72,-1,58.72
15.25,-1,-5.98
0,-1,-15.25
0,-1,0
0,-1,-54.14
0,-1,-33.45
0,-1,-23.49
52,-1,52
0,-1,-68.45
0,-1,-45.37
0,-1,-19.2
0,-1,-46.3
0,-1,-143.06
0,-1,-60.76
0,-1,-44.66
0,-1,-15.6
0,-1,-40.91
0,-1,-31.5
0,-1,-43.5
0,-1,-16.86
0,-1,-18.7
38.94,-1,-9.3
0,-1,-13.56
0,-1,-43.73
0,-1,0
0,-1,-68.37
0,-1,-68.36
0,-1,0
0,-1,0
0,-1,0
0,-1,-7.94
0,-1,-17.31
0,-1,-36.16
0,-1,-14.83
0,-1,-18.91
0,-1,-7.49
41.22,-1,26.22
0,-1,-3.51
0,-1,-44.46
0,-1,-23.49
0,-1,0
0,-1,-25.2
0,-1,-96.74
0,-1,-68.4
0,-1,-44.93
0,-1,-29.85
0,-1,-49.38
33.13,-1,9.69
0,-1,-69.3
0,-1,0
0,-1,-25.95
0,-1,-68.37
0,-1,-54.13
0,-1,-30.62
0,-1,0
0,-1,-30.25
0,-1,-30.76
30.5,-1,4.09
33.71,-1,3.21
0,-1,-53.65
23.3,-1,-40.7
50.06,-1,14.42
0,-1,-67.45
0,-1,-41.65
0,-1,0
60.15,-1,28.88
33.16,-1,-26.99
0,-1,-31.31
75,-1,33.25
0,-1,-68.36
0,-1,0
0,-1,0
38.35,-1,-18.78
0,-1,-44.46
0,-1,0
0,-1,-96.56
44.54,-1,44.54
26.48,-1,-36.07
75,-1,46.73
26.06,-1,-48.94
0,-1,-17.96
0,-1,-61.21
0,-1,-82.25
0,-1,-52.14
0,-1,-43.02
0,-1,-22.16
0,-1,-30.62
0,-1,-63.45
0,-1,-27.54
0,-1,-30.5
0,-1,-10.83
0,-1,-19.95
0,-1,-33.27
0,-1,-25.8
0,-1,0
0,-1,0
0,-1,-26.92
59,-1,33.12
0,-1,-59
0,-1,0
34.64,-1,-43.82
26.06,-1,-5.62
43.08,-1,-75.6
33.13,-1,16.17
0,-1,-33.13
0,-1,-15.98
0,-1,-57.71
0,-1,-51.84
0,-1,-33.23
0,-1,-10.83
0,-1,0
0,-1,-23.56
0,-1,-36.98
0,-1,-19.14
0,-1,-31.27
0,-1,-45.19
0,-1,-32.55
0,-1,0
0,-1,-60.72
17.46,-1,-5.79
49.38,-1,28.33
30.14,-1,11.79
41.13,-1,12.79
0,-1,-78.78
0,-1,-49.38
0,-1,-23.56
15,-1,-11.68
25.09,-1,-15.61
0,-1,-20.69
0,-1,-16.75
0,-1,-69.18
0,-1,-18.12
0,-1,0
0,-1,0
0,-1,-28.67
0,-1,-78.69
0,-1,-27.58
0,-1,-57.13
0,-1,-21.11
0,-1,-30.5
7.11,-1,-19.37
21.25,-1,2.45
0,-1,-3.65
0,-1,-45.42
36.45,-1,11.25
30.14,-1,-27.88
0,-1,-30.14
0,-1,-44.97
0,-1,-52.39
0,-1,-27.88
0,-1,-35.56
0,-1,-13.26
0,-1,-17.71
0,-1,-10.47
0,-1,-45.21
0,-1,0
0,-1,-7.8
0,-1,0
0,-1,0
44.48,-1,37.38
0,-1,-23.1
25.94,-1,-29.93
37.46,-1,18.43
0,-1,-44.49
56.8,-1,29.22
0,-1,-18.34
0,-1,-56.8
0,-1,0
0,-1,0
0,-1,-41
0,-1,-53.25
0,-1,-96.56
0,-1,-78.46
0,-1,-41.06
0,-1,-91.34
0,-1,-20.22
0,-1,-27.26
0,-1,-31.5
0,-1,-30.5
0,-1,-29.68
23.25,-1,16.15
16.74,-1,-6.51
0,-1,-16.74
0,-1,0
0,-1,-40.91
0,-1,0
0,-1,-28.27
0,-1,-56.65
30.83,-1,30.83
44.87,-1,14.04
41.18,-1,24.63
0,-1,-41.18
0,-1,-23.49
0,-1,-76.61
0,-1,0
0,-1,0
0,-1,-94.15
0,-1,-37.54
0,-1,-53.66
0,-1,-14.95
5.9,-1,-9.7
0,-1,-45.76
0,-1,0
0,-1,-12.29
0,-1,-59.05
0,-1,-18.34
0,-1,-17.1
0,-1,-37.39
0,-1,-11.62
0,-1,-18.93
0,-1,-20.79
0,-1,-23.78
0,-1,-20.23
0,-1,-37.56
0,-1,-36.45
0,-1,-57.98
0,-1,-17.31
0,-1,0
0,-1,-68.35
0,-1,-47.4
0,-1,0
0,-1,0
0,-1,-7.79
0,-1,-68.4
0,-1,-44.05
0,-1,-68.45
30.5,-1,26.83
0,-1,-54.1
0,-1,-45
0,-1,-7.56
0,-1,-49.33
0,-1,-50.74
0,-1,-24.98
0,-1,-57.46
40.08,-1,21.19
0,-1,-7.94
0,-1,-62.56
0,-1,-54.65
0,-1,-25.35
0,-1,-17.71
15.98,-1,-0.0700000000000003
0,-1,0
0,-1,-7.95
0,-1,-39.83
0,-1,-31.5
0,-1,0
0,-1,-13.16
0,-1,0
0,-1,0
0,-1,-47.89
0,-1,0
0,-1,-66.77
0,-1,-26.21
58.33,-1,50.82
58.33,-1,49.33
60.96,-1,38.78
48.43,-1,-2.48
0,-1,-21.5
0,-1,0
0,-1,0
0,-1,-17.1
0,-1,-47.34
0,-1,-91.07
0,-1,-14.41
0,-1,-83.58
0,-1,-44.12
0,-1,-33.9
0,-1,-16.97
0,-1,-48.75
0,-1,-104.94
0,-1,-4.57
0,-1,-25.95
0,-1,-17.71
0,-1,-32.45
0,-1,-10.69
0,-1,-21.3
0,-1,-41
30.2,-1,14.31
0,-1,-30.48
0,-1,0
0,-1,-25.04
0,-1,-78.5
21.6,-1,11.94
0,-1,-20.34
0,-1,-30.75
0,-1,-68.17
0,-1,-17.58
0,-1,0
0,-1,-13.85
0,-1,0
0,-1,-62.56
0,-1,-23.56
0,-1,-37.19
0,-1,0
0,-1,-10.58
0,-1,-41.13
0,-1,-22.5
0,-1,-9.89
0,-1,-94.15
0,-1,-40.08
0,-1,-16.73
0,-1,-54.65
0,-1,-47.89
0,-1,-78.48
0,-1,0
0,-1,-40.99
25.88,-1,-10.28
0,-1,-78.5
0,-1,-76.54
0,-1,-21.81
0,-1,0
0,-1,-14.37
0,-1,-45.5
0,-1,-47.34
0,-1,0
0,-1,-58.8
0,-1,-15.98
0,-1,0
0,-1,-68.33
0,-1,-42.16
0,-1,0
0,-1,-22.18
0,-1,-28.98
0,-1,-75.19
0,-1,-7.58
0,-1,-16.65
0,-1,-7.1
0,-1,-56.25
0,-1,-17.22
0,-1,-7.96
0,-1,-17.65
0,-1,-19.75
0,-1,0
0,-1,-57.26
0,-1,-15.98
0,-1,-30.12
22.5,-1,13.31
0,-1,-37.22
0,-1,0
0,-1,0
0,-1,-15.6
0,-1,-25.89
0,-1,-47.12
0,-1,0
0,-1,-44.79
0,-1,-64.51
0,-1,-24.15
0,-1,-63
0,-1,0
0,-1,0
0,-1,0
0,-1,-97.23
0,-1,-106.45
0,-1,-39.4
0,-1,-33.82
0,-1,-51.63
0,-1,0
0,-1,-43.09
0,-1,-59
0,-1,0
0,-1,-8.21
0,-1,-18.12
0,-1,-51.31
51.05,-1,-7.95
31.9,-1,-41.91
0,-1,-13.25
21.68,-1,-9.17
9.65,-1,-12.03
0,-1,-9.65
0,-1,-30.11
0,-1,-21.69
0,-1,-7.1
0,-1,-28.86
0,-1,0
0,-1,-67.71
0,-1,-7.1
0,-1,-21.5
0,-1,-26.34
0,-1,-18.99
0,-1,-43.09
0,-1,0
0,-1,-2.57
0,-1,-90.97
0,-1,-50.77
0,-1,-8.46
0,-1,0
0,-1,-57.21
0,-1,-29.91
30.06,-1,-8.18
0,-1,-14.42
0,-1,0
0,-1,-51.83
0,-1,-35.62
29.18,-1,5.68
0,-1,0
0,-1,0
0,-1,-15.89
0,-1,0
0,-1,-47.4
0,-1,-44.45
0,-1,-41.18
40.99,-1,25.39
14.78,-1,-26.21
24.65,-1,-37.25
11.41,-1,-13.24
0,-1,-26.94
0,-1,-45.21
0,-1,0
38.37,-1,-1.64
0,-1,-38.37
0,-1,-37.25
0,-1,-60.72
7.79,-1,7.79
43.05,-1,-18.85
86.48,-1,49.08
45.21,-1,11.57
0,-1,-57.45
0,-1,0
0,-1,-55.95
0,-1,-55.98
0,-1,-33.13
0,-1,0
42.92,-1,27.28
0,-1,-42.92
38.24,-1,12.2
0,-1,-38.24
0,-1,-80.2
0,-1,-15.64
0,-1,-57.5
0,-1,-38.85
0,-1,-43.88
0,-1,-26.21
0,-1,0
0,-1,-27.39
0,-1,-37.49
0,-1,-82.17
0,-1,-43.72
0,-1,-17.46
0,-1,-27.21
0,-1,-14.9
20.4,-1,4.76
50.8,-1,5.09999999999999
0,-1,-37.57
0,-1,0
0,-1,-29.8
0,-1,-69.89
0,-1,-38.37
0,-1,-25.14
0,-1,0
0,-1,-7.97
0,-1,-63.45
0,-1,-31.56
0,-1,-17.55
0,-1,-36.55
0,-1,0
0,-1,-14.68
0,-1,-25.89
0,-1,0
0,-1,-33.25
0,-1,-63.67
0,-1,-67.76
0,-1,-67.22
0,-1,-22.17
0,-1,-28.43
0,-1,-68.33
0,-1,-78.69
0,-1,-45.49
0,-1,-42.15
25.15,-1,-4.24
27.88,-1,-36.39
0,-1,-50.11
0,-1,0
0,-1,0
0,-1,-41.09
35.72,-1,20.82
42.66,-1,33.66
0,-1,-35.72
0,-1,0
0,-1,0
10.69,-1,-27.2
0,-1,-10.69
0,-1,-33.7
0,-1,-69.18
0,-1,-60.72
0,-1,-14.95
0,-1,-25.11
0,-1,-26.92
0,-1,-24.79
56.75,-1,25.23
0,-1,-31.56
0,-1,-35.63
20.15,-1,7.95
49.39,-1,29.24
0,-1,-49.39
0,-1,-17.58
0,-1,-70.31
0,-1,-26.04
0,-1,0
0,-1,0
0,-1,-109.92
0,-1,-41.09
0,-1,-57.28
0,-1,-33.88
0,-1,-31.27
0,-1,-45.45
0,-1,-18.15
0,-1,-46.29
0,-1,0
0,-1,-15.98
0,-1,-58.8
0,-1,-56.75
0,-1,-35.63
0,-1,0
0,-1,-67.22
0,-1,-51.74
0,-1,-100.84
0,-1,-39.76
0,-1,-25.25
0,-1,0
0,-1,0
0,-1,-14.44
0,-1,-29.36
0,-1,-40.27
0,-1,-57.45
0,-1,-13.27
0,-1,-24.75
0,-1,-61.9
0,-1,-122.11
0,-1,-128.85
12.96,-1,-54.2
0,-1,-49.39
0,-1,0
0,-1,-3.7
0,-1,-44.06
0,-1,-47.51
0,-1,-56.96
0,-1,0
0,-1,-32.05
0,-1,0
0,-1,0
0,-1,-37.93
0,-1,-45.45
0,-1,-57.5
0,-1,-51.18
0,-1,-12.2
0,-1,-53.6
28.2,-1,-10.1
0,-1,-23.4
0,-1,-17.14
0,-1,-41.43
0,-1,-41.43
41,-1,-41.16
38.24,-1,13.38
38.24,-1,-57.51
0,-1,-18.84
65.99,-1,55.63
0,-1,-86.73
0,-1,-3.64
0,-1,-37.93
0,-1,-31.92
8.28,-1,-13.39
0,-1,-8.28
0,-1,-7.58
0,-1,-61.96
0,-1,-42.83
0,-1,-43.5
0,-1,-21.36
0,-1,-20.05
0,-1,-24.14
0,-1,-68.38
19.67,-1,-34.4
37.37,-1,25.17
37.37,-1,29.37
28.86,-1,4.09
0,-1,-28.86
0,-1,0
22.37,-1,3.57
0,-1,-22.37
0,-1,-47.05
0,-1,-15.64
0,-1,-48.06
0,-1,-7.58
0,-1,-56.8
0,-1,-28.06
0,-1,-24.14
6,-1,-67.55
0,-1,0
0,-1,-6
0,-1,0
0,-1,-30.96
0,-1,-22.94
19,-1,-10.46
38.2,-1,29.93
44.79,-1,-30.36
0,-1,-16.79
0,-1,-71.09
0,-1,-30.24
0,-1,-56.3
0,-1,0
0,-1,-52
0,-1,-18.8
0,-1,-13.45
0,-1,-23.52
0,-1,-80.82
0,-1,-57.25
0,-1,-41
0,-1,-42.06
0,-1,-48.06
0,-1,-18.25
0,-1,0
0,-1,0
0,-1,0
0,-1,-47.04
0,-1,-51.17
0,-1,-38.76
0,-1,-25.57
0,-1,-49.69
0,-1,-77.87
0,-1,-21.14
27.49,-1,3.49
0,-1,-318.49
0,-1,-13.74
0,-1,-58.8
0,-1,-38.68
0,-1,-45.06
0,-1,0
0,-1,-23.21
0,-1,-16.95
0,-1,-45.68
0,-1,-16.46
0,-1,-51.3
0,-1,-19.14
0,-1,-33.88
38.11,-1,-12.89
38.11,-1,2.07
19.24,-1,-59.05
0,-1,-14.45
0,-1,-42.51
0,-1,-33.3
0,-1,-23.25
0,-1,-23.6
0,-1,-43.57
0,-1,-30.48
0,-1,-39
0,-1,-32.9
0,-1,-31.45
0,-1,-15.64
0,-1,-46.79
0,-1,0
0,-1,-96.98
33.29,-1,-4.76
40.27,-1,-12.43
0,-1,-14.87
0,-1,-11.1
0,-1,0
0,-1,-27.16
0,-1,0
31.4,-1,-29.31
0,-1,-12.53
0,-1,0
0,-1,0
0,-1,-10.46
8.27,-1,-13.1
19,-1,-7.28
41.96,-1,20.69
0,-1,-11.89
0,-1,0
0,-1,-29.5
0,-1,-70.3
0,-1,0
0,-1,-30.35
0,-1,-5.68
0,-1,-14.5
0,-1,-23.65
21.36,-1,18.03
19.96,-1,-13.75
0,-1,-33.13
29.91,-1,19.45
86.85,-1,56.94
35.64,-1,12.39
4,-1,-71.15
0,-1,-42.95
0,-1,-52.58
0,-1,-78.29
0,-1,-39.14
0,-1,-54.11
35.86,-1,11.86
14.54,-1,-12.43
26.29,-1,9.81
117.44,-1,100.73
0,-1,-82.13
0,-1,-78.64
0,-1,-41.86
0,-1,-44.42
0,-1,0
0,-1,0
0,-1,-60.71
0,-1,-39.42
0,-1,-22.19
61.96,-1,17.04
0,-1,-57.58
0,-1,-29.36
0,-1,-26.9
0,-1,-43.57
0,-1,-23.87
0,-1,-51.15
29.09,-1,-25.05
70.27,-1,1.42
3.6,-1,-1.53
21.37,-1,17.77
0,-1,-19.83
12.9,-1,-56.27
0,-1,-7.96
21.67,-1,-4.74
16.81,-1,-15.7
0,-1,-16.81
0,-1,-16.71
0,-1,-19.7
0,-1,0
0,-1,0
0,-1,0
22.94,-1,1.27
31.93,-1,8.99
0,-1,-56.79
0,-1,-25.16
0,-1,-51.86
0,-1,-27.17
0,-1,-30.06
0,-1,-36.51
16.71,-1,15.21
0,-1,-17.72
0,-1,0
0,-1,0
13.7,-1,-48.12
0,-1,-117.75
0,-1,-75.15
51.63,-1,41.15
0,-1,-70.98
0,-1,-7.94
0,-1,0
0,-1,0
0,-1,-36.5
61.96,-1,22.55
0,-1,-36.5
0,-1,-12.92
0,-1,-58.32
0,-1,-29.88
0,-1,-54.14
0,-1,-77.7
0,-1,-78.64
0,-1,-30.75
0,-1,-25.19
31.9,-1,-12.53
31.9,-1,27.84
0,-1,-31.5
0,-1,-54.11
0,-1,-57.25
0,-1,-28.96
33.89,-1,20.98
0,-1,-4.33
0,-1,-45.32
0,-1,-10.97
0,-1,-54.14
25.94,-1,-26.74
41.05,-1,-0.700000000000003
57.01,-1,4.44
0,-1,-128.69
0,-1,-57.01
0,-1,0
0,-1,0
0,-1,-31.92
0,-1,-12.52
0,-1,-22.78
0,-1,-51.9
0,-1,-49.39
0,-1,-41.05
0,-1,-38.63
0,-1,-79.92
0,-1,-19.34
0,-1,-96.97
0,-1,-25.25
0,-1,0
35,-1,0
11.21,-1,-32.28
58.72,-1,39.28
0,-1,-26.64
0,-1,0
57.47,-1,44.56
0,-1,-26.25
0,-1,0
0,-1,-20.24
0,-1,-30.95
0,-1,-50.94
0,-1,-23.14
7.93,-1,-16.36
0,-1,-52.45
0,-1,0
0,-1,0
0,-1,-70.33
16.05,-1,-16.16
23.63,-1,17.85
16.5,-1,3.45
24.14,-1,20.54
58.3,-1,44.3
0,-1,-24.14
0,-1,-58.3
0,-1,-70.32
36.51,-1,-15.61
0,-1,-57.25
0,-1,0
7.11,-1,-12.52
3.71,-1,-72.81
0,-1,-50.88
0,-1,-22.95
0,-1,-14.41
0,-1,0
0,-1,-16.71
0,-1,-20.24
0,-1,-17.71
80.01,-1,41.38
0,-1,-33.95
29.23,-1,-16.78
17.58,-1,-27.37
0,-1,-17.58
0,-1,-70.27
0,-1,0
0,-1,0
0,-1,-22.8
0,-1,-20.78
0,-1,-46.6
0,-1,-10.8
0,-1,-28.98
0,-1,-14.44
0,-1,-25.08
0,-1,-26.89
0,-1,0
0,-1,-23.65
0,-1,-29.49
48.24,-1,-38.01
0,-1,-26.64
0,-1,-36.5
0,-1,-23.14
0,-1,-44.92
0,-1,0
0,-1,0
27.15,-1,-40.71
3.3,-1,-23.85
25.76,-1,-50.49
34.8,-1,4.06
48.69,-1,-56.25
0,-1,-16.49
0,-1,-14.82
0,-1,-38.99
0,-1,-64.51
0,-1,0
0,-1,-5.17
0,-1,-56.71
0,-1,-30.5
0,-1,0
0,-1,-31.6
0,-1,-41.14
52.46,-1,11.87
0,-1,-26
0,-1,-96.97
0,-1,-32.51
0,-1,0
0,-1,-16.6
0,-1,-23.5
0,-1,-45.06
0,-1,-19.86
0,-1,-21.38
0,-1,-14.68
25.08,-1,1.21
31.6,-1,-17.79
0,-1,-19.17
0,-1,-31.6
0,-1,0
0,-1,-18.31
0,-1,-44.95
0,-1,-18.65
0,-1,-70.31
0,-1,-7.1
0,-1,-47.66
11.08,-1,-36.07
0,-1,-39.4
0,-1,0
0,-1,-34.59
0,-1,-3.15
34.92,-1,12.75
59.01,-1,32.76
0,-1,-44.49
0,-1,-33.14
0,-1,0
0,-1,-31.25
0,-1,-21.25
0,-1,-57.5
17.71,-1,-19.69
55.55,-1,12.36
0,-1,-16.74
0,-1,-68.04
0,-1,-16.28
0,-1,-26.88
0,-1,-19.75
0,-1,-33.16
0,-1,0
0,-1,0
0,-1,-34.59
0,-1,-19.86
0,-1,-70.28
0,-1,-19.48
0,-1,-14.76
48.21,-1,-3.9
25.08,-1,-10.54
19.17,-1,-60.75
24.34,-1,-3.72
0,-1,-24.34
70.25,-1,-9.67
30.96,-1,-49.05
27.56,-1,11.51
0,-1,-15.97
0,-1,-29.23
0,-1,-21.14
0,-1,-76.51
0,-1,-41.65
0,-1,-8.78
0,-1,-26.49
0,-1,-50.74
0,-1,-70.29
0,-1,-20.82
34.8,-1,-42.2
26.55,-1,-11.84
51,-1,24.45
17.05,-1,-33.95
0,-1,-17.05
0,-1,-45.22
0,-1,-44.87
0,-1,-95.74
18.8,-1,-38.77
0,-1,-98.13
25.88,-1,-3.07
0,-1,-25.88
0,-1,-25.88
0,-1,-5.72
0,-1,-67.53
0,-1,-60.71
29,-1,1.46
27.59,-1,-1.41
16.68,-1,-10.91
31.73,-1,10.37
0,-1,-31.73
0,-1,-23.94
0,-1,-51.5
0,-1,-7.79
0,-1,-61.82
0,-1,-34.59
0,-1,-78.69
0,-1,-22.35
23.94,-1,-0.0599999999999987
23.87,-1,1.28
20.67,-1,-6.27
17.62,-1,-39.88
0,-1,-8.21
0,-1,-23.7
0,-1,-21.36
0,-1,-58.78
0,-1,0
0,-1,-36
0,-1,0
0,-1,0
96.96,-1,73.02
34.99,-1,-26.96
0,-1,-13.09
0,-1,-52.69
0,-1,-68.4
0,-1,-14.28
49.43,-1,-36.82
51,-1,35.02
20.67,-1,1.55
51.94,-1,0.849999999999994
9.13,-1,-48.52
8.78,-1,-46.77
0,-1,-8.78
0,-1,-44.18
0,-1,-46.01
0,-1,-68.82
21.65,-1,-0.0300000000000011
58.78,-1,9.38
26.55,-1,0.77
0,-1,-26.55
0,-1,-33.55
0,-1,-78.68
0,-1,-16.68
0,-1,-27.84
0,-1,-50.74
0,-1,-30.7
0,-1,-61.82
34.64,-1,-19.43
12.48,-1,-19.25
0,-1,-26.04
0,-1,-18.99
0,-1,-19.44
0,-1,-95.74
0,-1,-14.7
0,-1,0
0,-1,-104.96
0,-1,-39.76
0,-1,-7.51
0,-1,-14.95
0,-1,0
0,-1,-80.98
0,-1,-96.96
0,-1,-61.95
0,-1,0
0,-1,0
0,-1,-63.68
0,-1,-34.99
0,-1,-46.29
7.56,-1,-20.45
13.85,-1,13.85
0,-1,-35.93
0,-1,-70.29
0,-1,-27.59
0,-1,0
0,-1,0
0,-1,0
16.99,-1,-3.14
0,-1,-39.44
0,-1,-3.32
0,-1,0
0,-1,-37.99
0,-1,-47.1
0,-1,-47.4
0,-1,-23.65
0,-1,-64.5
0,-1,-47.6
0,-1,-108.09
0,-1,0
0,-1,0
0,-1,-18.99
0,-1,-30.34
0,-1,-57.28
0,-1,-3.6
0,-1,-23.32
0,-1,-34.99
0,-1,-20.42
0,-1,-34.59
0,-1,-5.8
7.55,-1,-16.45
31.73,-1,18.58
27.59,-1,19.64
0,-1,-25.82
0,-1,-70.3
0,-1,-33.82
0,-1,-52.63
0,-1,-3.6
0,-1,-68.36
0,-1,-27.84
0,-1,-14.26
0,-1,-68.35
0,-1,-33.26
19,-1,19
0,-1,-19
0,-1,0
0,-1,0
0,-1,-10.46
0,-1,-61.82
0,-1,-34.35
0,-1,-38.54
0,-1,-67.86
0,-1,-27.64
0,-1,-32.44
13.83,-1,-21.15
43.19,-1,43.19
41.04,-1,-3.76
39.84,-1,13.9
0,-1,-45.3
0,-1,-47.4
0,-1,-86.26
0,-1,0
30.49,-1,-21.51
0,-1,-30.49
0,-1,-68.36
0,-1,-68.36
7.55,-1,7.55
0,-1,-7.55
0,-1,-21.38
0,-1,-66.49
0,-1,-15.18
0,-1,-91.98
0,-1,0
0,-1,-96.94
0,-1,-36.48
7.27,-1,-11.73
0,-1,-60.64
0,-1,0
0,-1,0
0,-1,-76.97
0,-1,0
57.01,-1,-7.49
19,-1,-38.01
0,-1,-96.7
2.57,-1,-7.89
0,-1,-37.41
110.06,-1,58.06
0,-1,0
0,-1,-110.06
0,-1,-96.74
0,-1,-96.74
0,-1,-21.4
0,-1,-26.74
0,-1,0
0,-1,-27.57
0,-1,0
0,-1,-33.3
0,-1,0
0,-1,0
0,-1,-27.84
0,-1,-29.72
0,-1,-35.72
0,-1,-29.37
0,-1,-60.71
0,-1,-7.77
0,-1,-33.3
0,-1,-43.66
0,-1,-22.5
0,-1,-63.45
0,-1,-21.67
0,-1,-31.56
0,-1,-100.84
0,-1,-67.09
0,-1,-68.08
0,-1,-25.19
0,-1,-13.14
0,-1,-16.06
0,-1,-8.58
0,-1,-91.98
0,-1,-41.03
0,-1,-6.64
0,-1,-21.55
0,-1,-22.8
0,-1,-54.95
0,-1,-57.64
52.73,-1,-4.77
0,-1,-24.66
0,-1,-11.6
0,-1,-13.36
47.6,-1,-20.83
40.27,-1,15.75
27.65,-1,-23.23
0,-1,-18
0,-1,0
0,-1,-126.94
0,-1,-19
0,-1,-56.5
0,-1,-19.43
0,-1,-57.01
0,-1,-27.21
0,-1,-26.74
0,-1,-16.31
0,-1,0
30.49,-1,24.59
44.79,-1,-11.56
0,-1,-5.13
0,-1,-29.39
60.71,-1,31.32
0,-1,-12.15
0,-1,-12.15
0,-1,0
0,-1,-34.98
0,-1,-10.45
0,-1,-62.17
0,-1,-33.27
0,-1,-38.6
0,-1,-21.64
67.38,-1,55.7
0,-1,-70.94
0,-1,-12.7
0,-1,0
0,-1,-21.05
0,-1,-23.32
0,-1,-31.5
0,-1,0
0,-1,-18.74
0,-1,-28.06
0,-1,-68.37
0,-1,0
0,-1,-78.85
0,-1,-60.63
0,-1,-35.72
32.06,-1,-47.92
0,-1,-58.44
0,-1,-22.49
0,-1,-27.6
0,-1,-15.64
0,-1,-45.67
0,-1,-36.07
0,-1,-17.73
48.48,-1,35.96
16.02,-1,-7.87
0,-1,-33.79
0,-1,0
0,-1,0
0,-1,-78.79
0,-1,-5.13
0,-1,-11.88
56.5,-1,21.64
7.51,-1,-89.45
0,-1,-42.38
0,-1,-28.76
0,-1,-2.8
0,-1,-34.98
0,-1,-23.97
0,-1,-59.37
0,-1,-32.5
0,-1,-148.9
0,-1,0
0,-1,-27.85
0,-1,-14.85
0,-1,-126.95
0,-1,-126.95
0,-1,0
0,-1,-31.25
0,-1,-18.04
0,-1,-29.72
0,-1,-12.52
0,-1,-42.8
0,-1,-31.5
0,-1,-31.15
0,-1,-27.21
0,-1,-13.09
0,-1,-57.01
35.18,-1,-18.42
5.49,-1,5.49
0,-1,-32.51
33.16,-1,13.41
0,-1,-68.38
0,-1,-68.09
0,-1,-66.49
0,-1,-74.5
0,-1,-27.6
0,-1,0
0,-1,0
22.87,-1,16.27
0,-1,-22.87
0,-1,-148.9
0,-1,0
0,-1,0
0,-1,-24.79
0,-1,-7.28
0,-1,0
0,-1,-79.97
0,-1,-40.7
0,-1,-27.01
0,-1,-68.37
0,-1,-23.89
33.17,-1,-17.71
0,-1,-65.18
0,-1,0
0,-1,-79.97
0,-1,-52.16
0,-1,-86.26
0,-1,-19.6
0,-1,-61.98
0,-1,-32.5
30.5,-1,9.05
58.28,-1,1.93
0,-1,-51.4
0,-1,0
0,-1,0
0,-1,-61.82
0,-1,-34.98
0,-1,0
0,-1,-31.01
0,-1,-24.76
0,-1,-8.23
0,-1,-33.17
0,-1,0
0,-1,-80.01
0,-1,-95.74
0,-1,-64.5
0,-1,0
0,-1,-14.34
0,-1,-30.49
0,-1,0
0,-1,-41.42
0,-1,-50.87
0,-1,0
0,-1,-19.18
38.42,-1,-38.58
0,-1,-24.07
0,-1,-5.82
0,-1,-44.79
0,-1,-28.88
0,-1,-18.4
24.64,-1,-12.57
0,-1,-57.01
0,-1,0
0,-1,-33.3
61.96,-1,52.96
31.87,-1,14.47
0,-1,-7.91
0,-1,0
0,-1,-46.07
0,-1,0
0,-1,0
0,-1,-10.54
22.67,-1,-33.34
27.22,-1,-41.96
0,-1,-16.74
0,-1,-68.09
13.81,-1,-13.69
0,-1,-31.53
0,-1,-13.81
0,-1,-28.37
0,-1,-40.67
0,-1,-8.15
0,-1,-79.98
0,-1,-21.49
0,-1,-22.93
0,-1,-10.26
0,-1,-38.61
0,-1,-19.99
0,-1,0
27.39,-1,-15.7
16.65,-1,-10.74
13.97,-1,6.33
13.97,-1,-47.03
0,-1,-54.97
0,-1,-29.49
0,-1,-27.6
0,-1,-44.43
0,-1,-27.22
0,-1,-68.38
0,-1,-14.66
0,-1,-71.99
0,-1,-56.67
0,-1,-47.15
0,-1,0
0,-1,0
0,-1,0
0,-1,-54.5
0,-1,-41.14
0,-1,-25.19
0,-1,-8.23
0,-1,-20.4
0,-1,-12.87
30.49,-1,19.96
13.08,-1,-30.11
0,-1,-11.58
0,-1,0
0,-1,-34.98
0,-1,-10.25
0,-1,-39.87
0,-1,-47.09
0,-1,-110.05
31.53,-1,2.77
0,-1,-68.09
0,-1,0
0,-1,0
0,-1,-8
0,-1,-10.52
0,-1,-25.78
0,-1,-50.87
0,-1,-30.24
0,-1,-17.69
44.94,-1,-7.06
0,-1,-19.18
0,-1,-20.72
0,-1,-38.4
0,-1,-35.93
0,-1,-7.95
0,-1,-21.1
26.73,-1,-28.02
0,-1,-29.85
0,-1,-10.47
0,-1,-44.79
25.66,-1,3.51
0,-1,-60.69
126.95,-1,81.73
0,-1,-126.95
0,-1,-23.32
22.67,-1,-75.75
11.24,-1,-11.43
119,-1,58
15.05,-1,3.81
31.5,-1,-26.14
0,-1,-13.1
0,-1,-31.5
0,-1,-83.89
0,-1,-47.69
0,-1,-79.98
0,-1,-7.58
0,-1,-13.35
0,-1,-21.37
0,-1,-38.1
0,-1,-27.85
0,-1,-33.24
0,-1,-86.84
0,-1,-32.5
0,-1,-26.35
0,-1,0
0,-1,0
0,-1,-12.87
39.87,-1,-46.33
0,-1,-75.15
0,-1,-68.38
0,-1,0
50.88,-1,33.37
0,-1,-8.23
0,-1,-3.64
0,-1,-51.07
0,-1,-24.52
0,-1,-80.01
0,-1,-14.66
0,-1,0
0,-1,0
0,-1,-54.5
0,-1,-52.6
0,-1,-54.06
0,-1,-67.65
0,-1,-7.09
0,-1,-67.65
6.65,-1,-61.84
19.18,-1,-43.83
0,-1,-12.28
0,-1,-41.04
0,-1,0
0,-1,-13.99
0,-1,-21.17
0,-1,-12.4
37.88,-1,29.73
0,-1,-20.64
0,-1,-37.88
0,-1,-33.17
0,-1,-18.4
0,-1,-14.41
0,-1,0
0,-1,-16.15
0,-1,-45.36
0,-1,-58.63
0,-1,-24.32
0,-1,-20.42
0,-1,-54.05
0,-1,-7.9
0,-1,-20.75
0,-1,-52.5
0,-1,-96.97
0,-1,0
25.18,-1,3.93
35.56,-1,33.89
0,-1,-35.56
0,-1,-44.79
0,-1,-29.15
0,-1,-27.63
